5 0.786 0.1145 0.07200000000000001 0.077
3 0.7195 0.1265 0.07100000000000001 0.079
1 0.6315000000000001 0.1265 0.089 0.081
5 0.7635000000000001 0.507 0.055 0.064
3 0.759 0.402 0.07200000000000001 0.092
3 0.542 0.41150000000000003 0.066 0.077
3 0.456 0.423 0.062 0.068
3 0.3685 0.418 0.067 0.074
5 0.369 0.533 0.06 0.052000000000000005
4 0.777 0.7215 0.07 0.07100000000000001
5 0.385 0.7435 0.078 0.07100000000000001
0 0.9550000000000001 0.9745 0.08600000000000001 0.047
3 0.678 0.4025 0.06 0.063
3 0.684 0.728 0.098 0.094