3 0.10125 0.2275 0.065 0.095
3 0.21 0.22062500000000002 0.075 0.08875
3 0.31125 0.2175 0.07 0.08750000000000001
3 0.483125 0.20375000000000001 0.06875 0.08
3 0.58875 0.199375 0.095 0.09125
5 0.109375 0.346875 0.06875 0.06625
1 0.21125 0.355 0.09 0.10250000000000001
5 0.325 0.344375 0.0725 0.07875
4 0.491875 0.3375 0.09625 0.0825
5 0.6012500000000001 0.33437500000000003 0.0775 0.07625
5 0.12125 0.62875 0.09 0.1
4 0.22625 0.62625 0.0775 0.08750000000000001
6 0.335 0.62 0.0725 0.09
3 0.503125 0.598125 0.09875 0.09375
4 0.60875 0.5875 0.1 0.09