3 0.037 0.42066666666666663 0.046 0.03866666666666667
3 0.042666666666666665 0.33766666666666667 0.05333333333333333 0.048666666666666664
6 0.050333333333333334 0.5609999999999999 0.057999999999999996 0.041999999999999996
3 0.04766666666666666 0.48466666666666663 0.051333333333333335 0.04
5 0.09466666666666666 0.8416666666666667 0.03333333333333333 0.041999999999999996
3 0.142 0.842 0.04 0.04133333333333333
6 0.025666666666666667 0.036333333333333336 0.049999999999999996 0.03933333333333333
6 0.029333333333333333 0.09 0.05333333333333333 0.04133333333333333
4 0.035333333333333335 0.16866666666666666 0.050666666666666665 0.04533333333333333
4 0.04133333333333333 0.254 0.05333333333333333 0.048
4 0.051666666666666666 0.6526666666666666 0.066 0.050666666666666665
3 0.062 0.7103333333333333 0.05466666666666666 0.04466666666666667