4 0.84125 0.8633333333333334 0.07583333333333334 0.08
3 0.47500000000000003 0.6170833333333334 0.09166666666666667 0.0775
4 0.5495833333333334 0.6204166666666667 0.05416666666666667 0.050833333333333335
3 0.2791666666666667 0.36041666666666666 0.06666666666666667 0.06916666666666667
3 0.46125000000000005 0.3504166666666667 0.0825 0.07083333333333333
3 0.36250000000000004 0.35875 0.07166666666666667 0.060833333333333336
1 0.6945833333333333 0.10625000000000001 0.07583333333333334 0.07916666666666668
5 0.6175 0.11208333333333334 0.055 0.07250000000000001
3 0.43291666666666667 0.11875000000000001 0.06916666666666667 0.07916666666666668
1 0.36291666666666667 0.12208333333333334 0.06583333333333334 0.07583333333333334
1 0.29000000000000004 0.125 0.07 0.07500000000000001
6 0.2225 0.12250000000000001 0.060000000000000005 0.07666666666666667