3 0.59375 0.69125 0.1125 0.0975
3 0.494375 0.70125 0.10375000000000001 0.08750000000000001
4 0.48875 0.8375 0.0925 0.0775
5 0.3275 0.8425 0.10250000000000001 0.08
5 0.106875 0.849375 0.08625000000000001 0.07125000000000001
5 0.599375 0.83375 0.11125 0.0775
1 0.4325 0.356875 0.095 0.11375
3 0.538125 0.350625 0.09625 0.11625
1 0.22312500000000002 0.36875 0.12875 0.1125
6 0.10312500000000001 0.364375 0.09875 0.10375000000000001
1 0.211875 0.854375 0.10125 0.10625
5 0.72875 0.35125 0.11 0.105
3 0.21125 0.7125 0.085 0.065
3 0.09625 0.7225 0.085 0.08
3 0.310625 0.71625 0.08375 0.0825