1 0.7193333333333333 0.18533333333333332 0.076 0.06666666666666667
3 0.6253333333333333 0.18966666666666665 0.06666666666666667 0.07933333333333333
0 0.528 0.19833333333333333 0.07333333333333333 0.082
6 0.258 0.417 0.08533333333333333 0.057999999999999996
0 0.5996666666666667 0.6453333333333333 0.054 0.08933333333333333
4 0.268 0.589 0.06933333333333333 0.06066666666666667
4 0.7953333333333333 0.8413333333333333 0.07066666666666667 0.04666666666666666
4 0.7963333333333333 0.9026666666666666 0.066 0.042666666666666665
4 0.7973333333333333 0.955 0.06666666666666667 0.04466666666666667
6 0.2846666666666667 0.263 0.05466666666666666 0.043333333333333335
4 0.45966666666666667 0.183 0.054 0.046