5 0.648 0.07766666666666666 0.052 0.03133333333333333
3 0.701 0.07633333333333334 0.048666666666666664 0.03
4 0.221 0.408 0.06066666666666667 0.04666666666666666
4 0.19666666666666666 0.4603333333333333 0.05733333333333333 0.046
1 0.3313333333333333 0.6513333333333333 0.08666666666666667 0.06
3 0.42133333333333334 0.825 0.064 0.066
4 0.35533333333333333 0.8353333333333333 0.06533333333333333 0.064
6 0.6806666666666666 0.8206666666666667 0.07466666666666666 0.064
6 0.4933333333333333 0.813 0.06799999999999999 0.07266666666666667
1 0.38 0.37 0.064 0.06266666666666666
3 0.5103333333333333 0.36 0.07933333333333333 0.07866666666666666
4 0.19833333333333333 0.62 0.056666666666666664 0.044
4 0.206 0.6749999999999999 0.06266666666666666 0.049999999999999996
6 0.5803333333333334 0.8366666666666667 0.06066666666666667 0.05466666666666666
3 0.388 0.5376666666666666 0.04133333333333333 0.03933333333333333